===========
sonata01-1.krn
spine_2
1 []


2 []


3 []


4 []


5 []


6 []


spine_0
1 []


2 []


3 []


4 []


5 []


6 []


===========
sonata01-2.krn
spine_1
1 []


2 []


3 []


4 []


5 []


6 []


spine_0
1 []


2 []


3 []


4 [0]


5 []


6 []


===========
sonata01-3.krn
spine_2
1 []


2 []


3 []


4 []


5 []


6 []


spine_0
1 []


2 []


3 []


4 []


5 []


6 []


===========
sonata01-4.krn
spine_2
1 []


2 []


3 []


4 []


5 []


6 []


spine_0
1 []


2 []


3 []


4 []


5 []


6 []


===========
sonata02-1.krn
spine_2
1 []


2 []


3 []


4 []


5 []


6 []


spine_0
1 []


2 []


3 []


4 []


5 []


6 []


===========
sonata02-2.krn
spine_1
1 []


2 []


3 []


4 []


5 []


6 []


spine_0
1 []


2 []


3 []


4 []


5 []


6 []


===========
sonata02-3.krn
spine_1
1 []


2 []


3 []


4 []


5 []


6 []


spine_0
1 []


2 []


3 []


4 []


5 []


6 []


===========
sonata02-4.krn
spine_1
1 []


2 []


3 []


4 [23, 23]


5 []


6 []


spine_0
1 []


2 []


3 []


4 []


5 []


6 []


===========
sonata03-1.krn
spine_1
1 []


2 []


3 []


4 []


5 []


6 []


spine_0
1 []


2 []


3 []


4 []


5 []


6 []


===========
sonata03-2.krn
spine_1
1 []


2 []


3 []


4 []


5 []


6 []


spine_0
1 []


2 []


3 []


4 []


5 []


6 []


===========
sonata03-3.krn
spine_1
1 []


2 []


3 []


4 []


5 []


6 []


spine_0
1 []


2 []


3 []


4 []


5 []


6 []


===========
sonata03-4.krn
spine_1
1 []


2 []


3 []


4 []


5 []


6 []


spine_0
1 []


2 []


3 []


4 []


5 []


6 []


===========
sonata04-1.krn
spine_1
1 []


2 []


3 []


4 []


5 []


6 []


spine_0
1 []


2 []


3 []


4 []


5 []


6 []


===========
sonata04-2.krn
spine_1
1 []


2 []


3 []


4 [62]


5 []


6 []


spine_0
1 []


2 []


3 []


4 []


5 []


6 []


===========
sonata04-3.krn
spine_1
1 []


2 []


3 []


4 []


5 []


6 []


spine_0
1 []


2 []


3 []


4 []


5 []


6 []


===========
sonata04-4.krn
spine_1
1 []


2 []


3 []


4 []


5 []


6 []


spine_0
1 []


2 []


3 []


4 []


5 []


6 []


===========
sonata05-1.krn
spine_2
1 []


2 []


3 []


4 [57, 216]


5 []


6 []


spine_0
1 []


2 []


3 []


4 []


5 []


6 []


===========
sonata05-2.krn
spine_1
1 []


2 []


3 []


4 []


5 []


6 []


spine_0
1 []


2 []


3 []


4 []


5 []


6 []


===========
sonata05-3.krn
spine_1
1 []


2 []


3 []


4 []


5 []


6 []


spine_0
1 []


2 []


3 []


4 []


5 []


6 []


===========
sonata06-1.krn
spine_1
1 []


2 [0, 108, 108]


3 []


4 []


5 []


6 []


spine_0
1 []


2 []


3 []


4 []


5 []


6 []


===========
sonata06-2.krn
spine_2
1 []


2 []


3 []


4 []


5 []


6 []


spine_0
1 []


2 []


3 []


4 []


5 []


6 []


===========
sonata06-3.krn
spine_1
1 []


2 []


3 []


4 []


5 []


6 []


spine_0
1 []


2 []


3 []


4 []


5 []


6 []


===========
sonata07-1.krn
spine_1
1 []


2 []


3 []


4 []


5 []


6 []


spine_0
1 []


2 []


3 []


4 []


5 []


6 []


===========
sonata07-2.krn
spine_1
1 []


2 []


3 []


4 []


5 []


6 []


spine_0
1 []


2 []


3 []


4 []


5 []


6 []


===========
sonata07-3.krn
spine_1
1 []


2 []


3 []


4 []


5 []


6 []


spine_0
1 []


2 []


3 []


4 [7]


5 []


6 []


===========
sonata07-4.krn
spine_1
1 []


2 []


3 []


4 [42, 43, 43, 43]


5 []


6 []


spine_0
1 []


2 []


3 []


4 [42, 43, 43, 43]


5 []


6 []


===========
sonata08-1.krn
spine_1
1 []


2 []


3 []


4 []


5 []


6 []


spine_0
1 []


2 []


3 []


4 []


5 []


6 []


===========
sonata08-2.krn
spine_2
1 []


2 []


3 []


4 []


5 []


6 []


spine_0
1 []


2 []


3 []


4 []


5 []


6 []


===========
sonata08-3.krn
spine_1
1 []


2 []


3 []


4 []


5 []


6 []


spine_0
1 []


2 []


3 []


4 []


5 []


6 []


===========
sonata09-1.krn
spine_1
1 []


2 []


3 []


4 []


5 []


6 []


spine_0
1 []


2 []


3 []


4 []


5 []


6 []


===========
sonata09-2.krn
spine_1
1 []


2 []


3 []


4 []


5 []


6 []


spine_0
1 []


2 []


3 []


4 []


5 []


6 []


===========
sonata09-3.krn
spine_1
1 []


2 []


3 []


4 []


5 []


6 []


spine_0
1 []


2 []


3 []


4 []


5 []


6 []


===========
sonata10-1.krn
spine_1
1 []


2 []


3 []


4 []


5 [0]


6 []


spine_0
1 []


2 []


3 []


4 []


5 []


6 []


===========
sonata10-2.krn
spine_1
1 []


2 []


3 []


4 []


5 []


6 []


spine_0
1 []


2 []


3 []


4 []


5 []


6 []


===========
sonata10-3.krn
spine_1
1 []


2 []


3 []


4 [0, 206, 206, 207, 208, 230, 230, 231]


5 []


6 []


spine_0
1 []


2 []


3 []


4 []


5 []


6 []


===========
sonata11-1.krn
spine_1
1 []


2 []


3 []


4 []


5 []


6 []


spine_0
1 []


2 []


3 []


4 []


5 []


6 []


===========
sonata11-2.krn
spine_1
1 []


2 []


3 []


4 [0]


5 []


6 []


spine_0
1 []


2 []


3 []


4 []


5 []


6 []


===========
sonata11-3.krn
spine_2
1 []


2 []


3 []


4 []


5 []


6 []


spine_0
1 []


2 []


3 []


4 []


5 []


6 []


===========
sonata11-4.krn
spine_1
1 []


2 []


3 []


4 []


5 []


6 []


spine_0
1 []


2 []


3 []


4 []


5 []


6 []


===========
sonata12-1.krn
spine_1
1 []


2 []


3 []


4 []


5 []


6 []


spine_0
1 []


2 []


3 []


4 []


5 []


6 []


===========
sonata12-2.krn
spine_1
1 []


2 []


3 []


4 []


5 []


6 []


spine_0
1 []


2 []


3 []


4 []


5 []


6 []


===========
sonata12-3.krn
spine_1
1 []


2 []


3 []


4 []


5 []


6 []


spine_0
1 []


2 []


3 []


4 []


5 []


6 []


===========
sonata12-4.krn
spine_1
1 []


2 []


3 []


4 []


5 []


6 []


spine_0
1 []


2 []


3 []


4 [5, 57, 106]


5 []


6 []


===========
sonata13-1.krn
spine_1
1 []


2 []


3 []


4 []


5 []


6 []


spine_0
1 []


2 []


3 []


4 []


5 []


6 []


===========
sonata13-2.krn
spine_1
1 []


2 []


3 []


4 []


5 []


6 []


spine_0
1 []


2 []


3 []


4 []


5 []


6 []


===========
sonata13-3.krn
spine_1
1 []


2 []


3 []


4 []


5 []


6 []


spine_0
1 []


2 []


3 []


4 []


5 []


6 []


===========
sonata13-4.krn
spine_1
1 []


2 []


3 []


4 []


5 []


6 []


spine_0
1 []


2 []


3 []


4 []


5 []


6 []


===========
sonata14-1.krn
spine_1
1 []


2 []


3 []


4 []


5 []


6 []


spine_0
1 []


2 []


3 []


4 []


5 []


6 []


===========
sonata14-2.krn
spine_1
1 []


2 []


3 []


4 []


5 []


6 []


spine_0
1 []


2 []


3 []


4 []


5 []


6 []


===========
sonata14-3.krn
spine_1
1 []


2 []


3 []


4 []


5 []


6 []


spine_0
1 []


2 []


3 []


4 []


5 []


6 []


===========
sonata15-1.krn
spine_1
1 []


2 []


3 []


4 []


5 []


6 []


spine_0
1 []


2 []


3 []


4 []


5 []


6 []


===========
sonata15-2.krn
spine_1
1 []


2 []


3 []


4 []


5 []


6 []


spine_0
1 []


2 []


3 []


4 []


5 []


6 []


===========
sonata15-3.krn
spine_1
1 []


2 []


3 []


4 []


5 []


6 []


spine_0
1 []


2 []


3 []


4 []


5 []


6 []


===========
sonata15-4.krn
spine_1
1 []


2 []


3 []


4 []


5 []


6 []


spine_0
1 []


2 []


3 []


4 []


5 []


6 []


===========
sonata16-1.krn
spine_1
1 []


2 []


3 []


4 []


5 []


6 []


spine_0
1 []


2 []


3 []


4 [233]


5 []


6 []


===========
sonata16-2.krn
spine_1
1 []


2 []


3 []


4 []


5 []


6 []


spine_0
1 []


2 []


3 []


4 []


5 []


6 []


===========
sonata16-3.krn
spine_1
1 []


2 []


3 []


4 []


5 []


6 []


spine_0
1 []


2 []


3 []


4 []


5 []


6 []


===========
sonata17-1.krn
spine_1
1 []


2 []


3 []


4 []


5 []


6 []


spine_0
1 []


2 []


3 []


4 []


5 []


6 []


===========
sonata17-2.krn
spine_1
1 []


2 []


3 []


4 []


5 []


6 []


spine_0
1 []


2 []


3 []


4 []


5 []


6 []


===========
sonata17-3.krn
spine_1
1 []


2 []


3 []


4 [385, 387, 389, 391]


5 []


6 []


spine_0
1 [0, 0, 0]


2 []


3 []


4 []


5 []


6 []


===========
sonata18-1.krn
spine_1
1 []


2 []


3 []


4 [0, 0]


5 []


6 []


spine_0
1 []


2 []


3 []


4 [0, 0]


5 []


6 []


===========
sonata18-2.krn
spine_1
1 []


2 []


3 []


4 []


5 []


6 []


spine_0
1 []


2 []


3 []


4 []


5 []


6 []


===========
sonata18-3.krn
spine_1
1 []


2 []


3 []


4 []


5 []


6 []


spine_0
1 []


2 []


3 []


4 []


5 []


6 []


===========
sonata18-4.krn
spine_1
1 []


2 []


3 []


4 []


5 []


6 []


spine_0
1 []


2 []


3 []


4 []


5 []


6 []


===========
sonata19-1.krn
spine_1
1 []


2 []


3 []


4 []


5 []


6 []


spine_0
1 []


2 []


3 []


4 []


5 []


6 []


===========
sonata19-2.krn
spine_1
1 []


2 []


3 []


4 []


5 []


6 []


spine_0
1 []


2 []


3 []


4 []


5 []


6 []


===========
sonata20-1.krn
spine_1
1 []


2 []


3 []


4 []


5 []


6 []


spine_0
1 []


2 []


3 []


4 []


5 []


6 []


===========
sonata20-2.krn
spine_1
1 []


2 []


3 []


4 []


5 []


6 []


spine_0
1 []


2 []


3 []


4 []


5 []


6 []


===========
sonata21-1.krn
spine_2
1 []


2 []


3 []


4 []


5 []


6 []


spine_0
1 []


2 []


3 []


4 []


5 []


6 []


===========
sonata21-2.krn
spine_1
1 []


2 []


3 []


4 []


5 []


6 []


spine_0
1 []


2 []


3 []


4 []


5 []


6 []


===========
sonata21-3.krn
spine_1
1 []


2 []


3 []


4 []


5 []


6 []


spine_0
1 []


2 []


3 []


4 []


5 []


6 []


===========
sonata22-1.krn
spine_1
1 []


2 []


3 []


4 []


5 []


6 []


spine_0
1 []


2 []


3 []


4 []


5 []


6 []


===========
sonata22-2.krn
spine_1
1 []


2 []


3 []


4 []


5 []


6 []


spine_0
1 []


2 []


3 []


4 []


5 []


6 []


===========
sonata23-1.krn
spine_1
1 []


2 []


3 []


4 []


5 []


6 []


spine_0
1 []


2 []


3 []


4 []


5 []


6 []


===========
sonata23-2.krn
spine_1
1 []


2 []


3 []


4 []


5 []


6 []


spine_0
1 []


2 []


3 []


4 []


5 []


6 []


===========
sonata23-3.krn
spine_2
1 []


2 []


3 []


4 []


5 []


6 []


spine_0
1 []


2 []


3 []


4 []


5 []


6 []


===========
sonata24-1.krn
spine_1
1 []


2 []


3 []


4 [64]


5 []


6 []


spine_0
1 []


2 []


3 []


4 []


5 []


6 []


===========
sonata24-2.krn
spine_1
1 []


2 []


3 []


4 []


5 []


6 []


spine_0
1 []


2 []


3 []


4 []


5 []


6 []


===========
sonata25-1.krn
spine_1
1 []


2 []


3 []


4 []


5 []


6 []


spine_0
1 []


2 []


3 []


4 []


5 []


6 []


===========
sonata25-2.krn
spine_1
1 []


2 []


3 []


4 []


5 []


6 []


spine_0
1 []


2 []


3 []


4 []


5 []


6 []


===========
sonata25-3.krn
spine_2
1 []


2 []


3 []


4 []


5 []


6 []


spine_0
1 []


2 []


3 []


4 []


5 []


6 []


===========
sonata26-1.krn
spine_1
1 []


2 []


3 []


4 []


5 []


6 []


spine_0
1 []


2 []


3 []


4 []


5 []


6 []


===========
sonata26-2.krn
spine_1
1 []


2 []


3 []


4 []


5 []


6 []


spine_0
1 []


2 []


3 []


4 []


5 []


6 []


===========
sonata26-3.krn
spine_1
1 []


2 []


3 []


4 []


5 []


6 []


spine_0
1 []


2 []


3 []


4 []


5 []


6 []


===========
sonata27-1.krn
spine_1
1 []


2 []


3 []


4 []


5 []


6 []


spine_0
1 []


2 []


3 []


4 []


5 []


6 []


===========
sonata27-2.krn
spine_1
1 []


2 []


3 []


4 []


5 []


6 []


spine_0
1 []


2 []


3 []


4 []


5 []


6 []


===========
sonata28-1.krn
spine_1
1 []


2 []


3 []


4 []


5 []


6 []


spine_0
1 []


2 []


3 []


4 []


5 []


6 []


===========
sonata28-2.krn
spine_1
1 []


2 []


3 []


4 []


5 []


6 []


spine_0
1 []


2 []


3 []


4 [0]


5 []


6 []


===========
sonata28-3.krn
spine_1
1 []


2 []


3 []


4 []


5 []


6 []


spine_0
1 []


2 []


3 []


4 []


5 []


6 []


===========
sonata28-4.krn
spine_1
1 []


2 []


3 []


4 []


5 []


6 []


spine_0
1 []


2 []


3 []


4 []


5 []


6 []


===========
sonata29-1.krn
spine_1
1 []


2 []


3 []


4 []


5 []


6 []


spine_0
1 []


2 []


3 []


4 []


5 []


6 []


===========
sonata29-2.krn
spine_1
1 []


2 []


3 []


4 []


5 []


6 []


spine_0
1 []


2 []


3 []


4 []


5 []


6 []


===========
sonata29-3.krn
spine_1
1 []


2 []


3 []


4 []


5 []


6 []


spine_0
1 []


2 []


3 []


4 []


5 []


6 []


===========
sonata29-4.krn
spine_1
1 []


2 []


3 []


4 [1]


5 []


6 []


spine_0
1 []


2 []


3 []


4 [1]


5 []


6 []


===========
sonata30-1.krn
spine_1
1 []


2 []


3 []


4 []


5 []


6 []


spine_0
1 []


2 []


3 []


4 []


5 []


6 []


===========
sonata30-2.krn
spine_1
1 []


2 []


3 []


4 []


5 []


6 []


spine_0
1 []


2 []


3 []


4 []


5 []


6 []


===========
sonata30-3.krn
spine_1
1 []


2 []


3 []


4 []


5 []


6 []


spine_0
1 []


2 []


3 []


4 []


5 []


6 []


===========
sonata31-1.krn
spine_1
1 []


2 []


3 []


4 []


5 []


6 []


spine_0
1 []


2 []


3 []


4 []


5 []


6 []


===========
sonata31-2.krn
spine_1
1 []


2 []


3 []


4 []


5 []


6 []


spine_0
1 []


2 []


3 []


4 []


5 []


6 []


===========
sonata31-3.krn
spine_1
1 []


2 []


3 []


4 []


5 []


6 []


spine_0
1 []


2 []


3 []


4 []


5 []


6 []


===========
sonata32-1.krn
spine_2
1 []


2 []


3 []


4 []


5 []


6 []


spine_0
1 []


2 []


3 []


4 []


5 []


6 []


===========
sonata32-2.krn
spine_1
1 []


2 []


3 []


4 [88, 88, 105]


5 []


6 []


spine_0
1 []


2 []


3 []


4 [17]


5 []


6 []


